%% score 1
score1 = [
    0    nan    16;
    
    1      -3     0.5;
    2      -7     0.5;
    3      -3     0.5;
    4      -7     0.5;
    5      -2     0.5;
    6      -7     0.5;
    7      -2     0.5;
    8      -7     0.5;
    9      0      0.5;
    10     -7     0.5;
    11     0      0.5;
    12     -7     0.5;
    13     -2     0.5;
    14     -7     0.5;
    15     -2     0.5;
    16     -7     0.5;
    17     -3     0.5;
    18     -7     0.5;
    19     -3     0.5;
    20     -7     0.5;
    21     -2     0.5;
    22     -7     0.5;
    23     -2     0.5;
    24     -7     0.5;
    25     0      0.5;
    26     -7     0.5;
    27     0      0.5;
    28     -7     0.5;
    29     -2     0.5;
    30     -7     0.5;
    31     -2     0.5;
    32     -7     0.5;
    
    1      0      1;
    2      -3     1;
    3      -7     1;
    4      0      1;
    5      0      0.5;
    6      2      0.5;
    7      0      0.5;
    8      -2     0.5
    9      0      1;
    10     0      0.5;
    11     5      0.5
    12     3      1;
    13     3      0.5;
    14     2      0.5;
    15     0      1;
    16     -2     1;
    17     -3     1;
    18     -2     1;
    19     0      2;
    
    1      0      1;
    2      -3     1;
    3      -7     1;
    4      0      1;
    5      0      0.5;
    6      2      0.5;
    7      0      0.5;
    8      -2     0.5;
    9      0      1;
    10     2      0.5;
    11     3      0.5;
    12     5      1;
    13     -2     0.5;
    14     -3     0.5;
    15     -2     1;
    16     5      1;
    17     3      1;
    18     2      1;
    19     0      2;
    
    1      0      1;
    2      0      0.5;
    3      0      0.5;
    4      -2     1;
    5      -2     1;
    6      -3     0.5;
    7      -3     0.5;
    8      -3     0.5;
    9      -3     0.5;
    10     -5     1;
    11     -5     0.5;
    12     -5     0.5;
    13     -7     1;
    14     -7     0.5;
    15     -7     0.5;
    16     -5     1;
    17     -5     1;
    18     -3     1;
    19     -2     1;
    20     0      2;
    
    1      0      1;
    2      0      1;
    3      -2     1;
    4      0      1;
    5      2      0.5;
    6      2      0.5;
    7      2      0.5;
    8      3      0.5;
    9      5      1;
    10     3      0.5;
    11     2      0.5;
    12     0      1.5;
    13     -2     0.5;
    14     -3     1;
    15     -5     1;
    16     -7     2;
    17     nan    2;
    
    1     0-12      1;
    2     -3-12     1;
    3     -7-12     1;
    4     0-12      1;
    5     0-12      0.5;
    6     2-12      0.5;
    7     0-12      0.5;
    8     -2-12     0.5
    9     0-12      1;
    10    0-12      0.5;
    11    5-12      0.5
    12    3-12      1;
    13    3-12      0.5;
    14    2-12      0.5;
    15    0-12      1;
    16    -2-12     1;
    17    -3-12     1;
    18    -2-12     1;
    19    0-12      2;
    
    1     0-12      1;
    2     -3-12     1;
    3     -7-12     1;
    4     0-12      1;
    5     0-12      0.5;
    6     2-12      0.5;
    7     0-12      0.5;
    8     -2-12     0.5
    9     0-12      1;
    10    2-12      0.5;
    11    3-12      0.5
    12    5-12      1;
    13    -2-12     0.5;
    14    -3-12     0.5;
    15    -2-12     1;
    16    5-12      1;
    17    3-12      1;
    18    2-12      1;
    19    0-12      2;
    
    1      5      0.5;
    2      0      0.5;
    3      5      0.5;
    4      0      0.5;
    5      3      0.5;
    6      0      0.5;
    7      3      0.5;
    8      0      0.5;
    9      2      0.5;
    10     -3     0.5;
    11     2      0.5;
    12     -3     0.5;
    13     0      0.5;
    14     -3     0.5;
    15     0      0.5;
    16     -3     0.5;
    17     -2     0.5;
    18     -7     0.5;
    19     -2     0.5;
    20     -7     0.5;
    21     -3     0.5;
    22     -7     0.5;
    23     -3     0.5;
    24     -7     0.5;
    25     -2     0.5;
    26     -7     0.5;
    27     -2     0.5;
    28     -7     0.5;
    29     0      0.5;
    30     -7     0.5;
    31     0      0.5;
    32     -7     0.5;
    
    1      5      0.5;
    2      0      0.5;
    3      5      0.5;
    4      0      0.5;
    5      3      0.5;
    6      0      0.5;
    7      3      0.5;
    8      0      0.5;
    9      2      0.5;
    10     -3     0.5;
    11     2      0.5;
    12     -3     0.5;
    13      0     0.5;
    14     -3     0.5;
    15     0      0.5;
    16     -3     0.5;
    17     -12    0.5;
    18     -12    1;
    19     -12    0.5;
    20     -10    1;
    21     -8     1;
    22     -7     1;
    23     17     1;
    24     5      2;
    
    1      0       0.2;
    1      -1      0.2;
    1      -2      0.2;
    1      -3      0.2;
    1      -4      0.2;
    1      -5      0.2;
    2      0       0.6;
    2      -1      0.6;
    2      -2      0.6;
    2      -3      0.6;
    2      -4      0.6;
    2      -5      0.6;
    3      nan     0.4;
    4      0       4.8;
    4      -1      4.8;
    4      -2      4.8;
    4      -3      4.8;
    4      -4      4.8;
    4      -5      4.8;
    5      nan     12;
    
    1     0-12      1;
    2     -3-12     1;
    3     -7-12     1;
    4     0-12      1;
    5     0-12      0.5;
    6     2-12      0.5;
    7     0-12      0.5;
    8     -2-12     0.5
    9     0-12      1;
    10    0-12      0.5;
    11    5-12      0.5
    12    3-12      1;
    13    3-12      0.5;
    14    2-12      0.5;
    15    0-12      1;
    16    -2-12     1;
    17    -3-12     1;
    18    -2-12     1;
    19    0-12      2;
    
    1     0-12      1;
    2     -3-12     1;
    3     -7-12     1;
    4     0-30      1;
    5     0-30      0.5;
    6     2-30      0.5;
    7     0-30      0.5;
    8     -2-30     0.5
    9     0-30      1;
    10    2-30      0.5;
    11    3-30      0.5;
    12    5-30      1;
    13    -2-30     0.5;
    14    -3-30     0.5;
    15    -2-30     1;
    16    5-30      1;
    17    3-30      1;
    18    2-30      1;
    19    0-30      2;
    
    1       0       2;
    2       -2      2;
    3       -3      2;
    4       -5      2;
    5       -7      1;
    6       -5      1.5;
    7       -7      1.5;
    8       -5      2;
    9       nan     2;
    
    1       0       2;
    2       -2      2;
    3       2       2;
    4       5       2;
    5       0       2;
    6       -3      2;
    1       -7      2;
    8       nan     2;
    
    1       0       2;
    2       -2      2;
    3       -3      2;
    4       -5      2;
    5       -7      2;
    6       -5      2;
    7       -3      2;
    9       nan     2;
    
    1       0       2;
    2       -2      2;
    3       2       2;
    4       5       2;
    5       0       2;
    6       -3      2;
    1       -7      2;
    8       nan     2;
    
    1     0-12      1;
    2     -3-12     1;
    3     -7-12     1;
    4     0-12      1;
    5     0-12      0.5;
    6     2-12      0.5;
    7     0-12      0.5;
    8     -2-12     0.5
    9     0-12      1;
    10    0-12      0.5;
    11    5-12      0.5
    12    3-12      1;
    13    3-12      0.5;
    14    2-12      0.5;
    15    0-12      1;
    16    -2-12     1;
    17    -3-12     1;
    18    -2-12     1;
    19    0-12      2;
    
    1     0-12      1;
    2     -3-12     1;
    3     -7-12     1;
    4     0-12      1;
    5     0-12      0.5;
    6     2-12      0.5;
    7     0-12      0.5;
    8     -2-12     0.5
    9     0-12      1;
    10    2-12      0.5;
    11    3-12      0.5
    12    5-12      1;
    13    -2-12     0.5;
    14    -3-12     0.5;
    15    -2-12     1;
